start=5433.866000
volume=106.000000
fullscreen=yes
border=no
sub-delay=-0.200000
