start=4286.824000
volume=92.000000
border=no
